<path fill="none" d="M 0 257.914285714286 
C 0 257.914285714286 8.489924221162202 251.171428571428 14.149873701937 249.485714285714 
C 19.8098231827114 247.8 22.639797923098598 248.64746291959392 28.299747403873 247.8 
C 33.8981756946394 246.9617486338799 36.6973898400226 245.271428571429 42.295818130789 245.271428571429 
C 47.894246421554996 245.271428571429 50.693460566938 248.98736924277873 56.291888857704 250.328571428571 
C 61.951838338478794 251.68451209992153 64.78181307886621 252.014285714286 70.441762559641 252.014285714286 
C 76.10171204041539 252.014285714286 78.93168678080261 246.957142857143 84.591636261577 246.957142857143 
C 90.19006455234339 246.957142857143 92.9892786977266 257.071428571429 98.587706988493 257.071428571429 
C 104.1246140892518 257.071428571429 106.8930676396312 257.071428571429 112.42997474039 255.38571428571402 
C 118.08992422116201 253.69999999999902 120.919898961548 250.1599999999992 126.57984844232 247.8 
C 132.239797923096 245.43999999999917 135.069772663484 245.95861046057732 140.72972214426 243.585714285714 
C 146.32815043502802 241.2386104605773 149.127364580412 236 154.72579287118 236 
C 160.262699971936 236 163.031153522314 237.685714285714 168.56806062307 237.685714285714 
C 174.228010103846 237.685714285714 177.057984844234 237.685714285714 182.71793432501 236.84285714285699 
C 188.377883805782 235.99999999999997 191.20785854616798 233.32035909445628 196.86780802694 230.1 
C 202.466236317708 226.91464480874185 205.265450463092 223.2016101026049 210.86387875386 220.828571428571 
C 216.400785854616 218.48161010260492 219.16923940499402 220.828571428571 224.70614650575 218.3 
C 230.36609598652603 215.77142857142903 233.196070726914 210.20857142857116 238.85602020769 207.34285714285699 
C 244.515969688466 204.47714285714278 247.345944428854 205.66635441061754 253.00589390963 203.971428571429 
C 258.604322200394 202.29492583918918 261.403536345776 198.914285714286 267.00196463654 198.914285714286 
C 272.600392927308 198.914285714286 275.399607072692 198.914285714286 280.99803536346 198.914285714286 
C 286.65798484423203 198.914285714286 289.48795958461807 260.442857142857 295.14790906539 265.5 
C 300.807858546166 270.557142857143 303.637833286554 270.557142857143 309.29778276733 270.557142857143 
C 314.896211058098 270.557142857143 317.695425203482 229.33630623520548 323.29385349425 214.928571428571 
C 328.830760595006 200.6791633780627 331.59921414538405 207.08351648351461 337.13612124614 198.914285714286 
C 342.796070726916 190.5635164835142 345.626045467304 180.7085714285717 351.28599494808 173.62857142857 
C 356.945944428852 166.54857142857333 359.77591916923797 163.51428571429 365.43586865001 163.51428571429 
C 371.034296940778 163.51428571429 373.833511086162 166.04285714286 379.43193937693 166.04285714286 
C 384.96884647768604 166.04285714286 387.737300028064 162.95855572998158 393.27420712882 158.45714285714 
C 398.934156609596 153.8556985871216 401.76413134998404 149.69142857142398 407.42408083076 143.28571428571 
C 413.0840303115359 136.87999999999596 415.91400505192394 131.85233411397206 421.5739545327 126.42857142857 
C 427.172382823464 121.06376268540406 429.97159696884603 120.5518547750621 435.57002525961 116.31428571429001 
C 441.10693236037 112.12328334649011 443.87538591074997 110.69215070643614 449.41229301151 105.35714285713999 
C 455.07224249228204 99.90357927786413 457.90221723266797 95.5799999999998 463.56216671344 89.34285714286 
C 469.22211619421597 83.1057142857158 472.052090934604 79.76468384075147 477.71204041538 74.17142857143 
C 483.310468706148 68.63896955503547 486.10968285153206 65.06857142857123 491.7081111423 61.52857142856999 
C 497.3065394330641 57.988571428571234 500.105753578446 60.327384855580924 505.70418186921 56.47142857143001 
C 511.364131349986 52.573099141296936 514.1941060903739 46.525714285719594 519.85405557115 42.14285714286001 
C 525.5140050519219 37.760000000003586 528.343979792308 39.13344262294755 534.00392927308 34.55714285713998 
C 539.602357563848 30.030585480087538 548 19.38571428570998 548 19.38571428570998" 
Class="high
Charts-graph" data-z-index="1" stroke="#4f81bd" stroke-width="2" stroke-linejoin="round" stroke-line
Cap="round"></path>